26.915	21304.394821871163
27.542287033381662	2.61342255298246e-8
28.183829312644534	2.1235409448593816e-8
28.84031503126606	1.8828856168874752e-8
29.512092266663856	1.7167151963288877e-8
30.19951720402016	1.5875212715339444e-8
30.902954325135905	1.4808179317831854e-8
31.622776601683793	1.389435552618194e-8
32.359365692962825	1.3092766451095714e-8
33.11311214825911	1.2377654516834274e-8
33.884415613920254	1.1731686576860519e-8
34.673685045253166	1.1142584778004684e-8
35.48133892335755	1.0601296719077113e-8
36.30780547701014	1.0100929916422127e-8
37.15352290971724	9.636096047602132e-9
38.018939632056124	9.202488784820386e-9
38.904514499428046	8.796601637989275e-9
39.81071705534971	8.415533309136899e-9
40.73802778041126	8.056849724658194e-9
41.68693834703353	7.718483915148478e-9
42.65795188015925	7.3986618492387245e-9
43.65158322401658	7.095846485431073e-9
44.6683592150963	6.808694878518175e-9
45.708818961487495	6.536024814382604e-9
46.77351412871981	6.276788515267018e-9
47.86300923226383	6.03005167043876e-9
48.97788193684461	5.794976532494747e-9
50.11872336272722	5.570808156056506e-9
51.28613839913648	5.356863092827269e-9
52.48074602497726	5.1525200267693545e-9
53.70317963702527	4.957211956383443e-9
54.954087385762456	4.770419621653847e-9
56.23413251903491	4.5916659406050316e-9
57.543993733715695	4.420511271089757e-9
58.8843655355589	4.25654935193113e-9
60.25595860743578	4.099403807072951e-9
61.65950018614822	3.948725119246898e-9
63.0957344480193	3.804187997498969e-9
64.56542290346556	3.6654890769429745e-9
66.06934480075958	3.5323449002203912e-9
67.60829753919819	3.4044901390097005e-9
69.18309709189363	3.281676021045963e-9
70.79457843841381	3.163668933861327e-9
72.44359600749898	3.0502491811304866e-9
74.13102413009173	2.9412098713233377e-9
75.85775750291836	2.8363559215042978e-9
77.62471166286916	2.7355031617072147e-9
79.43282347242814	2.638477527463284e-9
81.2830516164099	2.545114329849483e-9
83.17637711026708	2.4552575939232733e-9
85.11380382023764	2.3687594576684435e-9
87.09635899560806	2.285479624639282e-9
89.12509381337455	2.205284864389991e-9
91.20108393559097	2.1280485555410474e-9
93.3254300796991	2.0536502669865095e-9
95.49925860214358	1.981975373304594e-9
97.72372209558107	1.9129147009131615e-9
100.	1.8463642019246035e-9
102.32929922807536	1.7822246530112165e-9
104.71285480508996	1.7204013769010891e-9
107.1519305237606	1.66080398439293e-9
109.64781961431851	1.6033461350119322e-9
112.2018454301963	1.5479453146330889e-9
114.81536214968828	1.4945226285770246e-9
117.48975549395291	1.4430026088408448e-9
120.22644346174131	1.3933130342660817e-9
123.02687708123811	1.3453847625776268e-9
125.89254117941675	1.2991515733539936e-9
128.82495516931337	1.2545500211640758e-9
131.82567385564073	1.211519298351791e-9
134.89628825916532	1.170001107276482e-9
138.03842646028852	1.1299395407165667e-9
141.2537544622754	1.091280972720893e-9
144.5439770745928	1.0539739603582653e-9
147.91083881682073	1.017969160383266e-9
151.3561248436207	9.832192518700136e-10
154.88166189124811	9.496789020550217e-10
158.48931924611142	9.173047237418713e-10
162.18100973589299	8.860552748883391e-10
165.95869074375597	8.558911051505006e-10
169.82436524617444	8.267749334380632e-10
173.78008287493762	7.986724224268741e-10
177.82794100389228	7.715517829968062e-10
181.97008586099827	7.453837843469747e-10
186.20871366628674	7.201413454999022e-10
190.54607179632464	6.957997399189474e-10
194.98445997580455	6.723298655873465e-10
199.52623149688787	6.497090069761396e-10
204.17379446695296	6.27928203174546e-10
208.92961308540387	6.070029823910153e-10
213.79620895022325	5.869200663081837e-10
218.77616239495518	5.676566804383522e-10
223.872113856834	5.491994731923611e-10
229.08676527677724	5.315445797797912e-10
234.42288153199226	5.146862276504066e-10
239.88329190194898	4.986128844517188e-10
245.4708915685031	4.833219395603932e-10
251.18864315095797	4.68806168795292e-10
257.03957827688646	4.550582367271623e-10
263.02679918953817	4.420936692090384e-10
269.1534803926914	4.2987755798266464e-10
275.4228703338166	4.1836582074311964e-10
281.8382931264455	4.0753045032775897e-10
288.40315031266056	3.97373106623998e-10
295.1209226666384	3.879487285565107e-10
301.9951720402016	3.791823264125373e-10
309.0295432513592	3.710218666481177e-10
316.22776601683796	3.634046707900835e-10
323.5936569296281	3.562567572479223e-10
331.1311214825911	3.4943595151770094e-10
338.84415613920277	3.4295659233791783e-10
346.73685045253166	3.368629545997634e-10
354.8133892335753	3.3117875426880504e-10
363.0780547701014	3.2586809736822784e-10
371.53522909717276	3.210395937732638e-10
380.1893963205613	3.16593110957874e-10
389.04514499428046	3.1246995783972894e-10
398.1071705534969	3.086225060370785e-10
407.3802778041126	3.050343547442865e-10
416.8693834703355	3.017103690423901e-10
426.57951880159254	2.986098247829703e-10
436.51583224016565	2.957253200528955e-10
446.683592150963	2.930510055119853e-10
457.0881896148752	2.905509797866908e-10
467.73514128719813	2.882431112214786e-10
478.630092322638	2.860903448760078e-10
489.77881936844614	2.840505104332845e-10
501.18723362727246	2.821237432516012e-10
512.8613839913648	2.8046154044766324e-10
524.8074602497722	2.796064871728123e-10
537.0317963702527	2.792514942584701e-10
549.5408738576248	2.7888476930489074e-10
562.341325190349	2.77996721594262e-10
575.4399373371566	2.769549925687696e-10
588.843655355589	2.7612728880628204e-10
602.5595860743581	2.754388965344029e-10
616.5950018614822	2.748402109008008e-10
630.957344480193	2.7435370110181164e-10
645.6542290346556	2.739338504289867e-10
660.6934480075964	2.7359256965180774e-10
676.0829753919819	2.733067897420912e-10
691.8309709189363	2.7306731336879937e-10
707.9457843841374	2.7289366503178593e-10
724.4359600749899	2.7274972338171763e-10
741.3102413009177	2.726571111231784e-10
758.5775750291835	2.726100623548276e-10
776.2471166286912	2.7262473391378187e-10
794.3282347242813	2.7277663619555037e-10
812.8305161640995	2.729892903876909e-10
831.7637711026708	2.7325213882652946e-10
851.1380382023759	2.735449245296815e-10
870.9635899560806	2.738551645335642e-10
891.2509381337459	2.742071134812453e-10
912.0108393559096	2.7455985155388617e-10
933.2543007969905	2.7493536315091055e-10
954.992586021436	2.753252154779957e-10
977.2372209558112	2.757129851264424e-10
1000.	2.7615085552254825e-10
1023.2929922807537	2.7658107085949117e-10
1047.1285480508996	2.7700555260271546e-10
1071.519305237607	2.774267244594345e-10
1096.4781961431852	2.778593684838732e-10
1122.018454301963	2.7844583775629103e-10
1148.1536214968828	2.790655193739418e-10
1174.8975549395302	2.796525953872006e-10
1202.2644346174131	2.801896439065806e-10
1230.268770812381	2.807346390839819e-10
1258.9254117941675	2.8150971752480816e-10
1288.2495516931335	2.8236261022529245e-10
1318.2567385564075	2.832517542286925e-10
1348.9628825916532	2.84127553423175e-10
1380.3842646028838	2.8492903519684475e-10
1412.537544622754	2.855234166929237e-10
1445.439770745928	2.859935537106019e-10
1479.1083881682073	2.865145767410023e-10
1513.5612484362073	2.872076458376766e-10
1548.816618912481	2.879499431492429e-10
1584.893192461114	2.887527936168412e-10
1621.8100973589299	2.895690942110323e-10
1659.5869074375596	2.903720246946287e-10
1698.2436524617442	2.911412010730578e-10
1737.8008287493763	2.9184941223623924e-10
1778.2794100389228	2.925205772756139e-10
1819.7008586099826	2.93130099866944e-10
1862.0871366628676	2.9370442594565236e-10
1905.4607179632483	2.942910861971893e-10
1949.8445997580454	2.9486039374387873e-10
1995.2623149688789	2.9551360019427666e-10
2041.7379446695295	2.962102711978501e-10
2089.2961308540407	2.969402645303608e-10
2137.9620895022326	2.9772210894895616e-10
2187.761623949552	2.985044543483482e-10
2238.72113856834	2.992897699153529e-10
2290.8676527677726	3.0005474766031093e-10
2344.228815319923	3.008041946566839e-10
2398.83291901949	3.015763514472778e-10
2454.7089156850284	3.023033787810586e-10
2511.88643150958	3.0298434157828457e-10
2570.3957827688646	3.03599985208785e-10
2630.2679918953813	3.04157503000825e-10
2691.534803926914	3.0471487381583897e-10
2754.2287033381663	3.052201278482051e-10
2818.382931264455	3.057076745824468e-10
2884.031503126606	3.0619133667362394e-10
2951.209226666387	3.067229129228429e-10
3019.9517204020162	3.07467085325514e-10
3090.295432513589	3.0828333286545486e-10
3162.2776601683795	3.091152418331472e-10
3235.936569296281	3.099288598807257e-10
3311.311214825911	3.107115297354022e-10
3388.441561392024	3.114721972512156e-10
3467.368504525317	3.1218587948474453e-10
3548.133892335753	3.1291912841234525e-10
3630.780547701014	3.1366388663420554e-10
3715.352290971724	3.143534091982811e-10
3801.8939632056126	3.1497564320177994e-10
3890.4514499428046	3.155027072921059e-10
3981.0717055349733	3.1597057547818243e-10
4073.802778041126	3.163834902887319e-10
4168.693834703355	3.167100542737884e-10
4265.795188015925	3.170416874462433e-10
4365.158322401661	3.1728353758653824e-10
4466.835921509631	3.1742677577956635e-10
4570.881896148751	3.174531277571376e-10
4677.351412871981	3.1732482323299873e-10
4786.300923226385	3.1708644805247314e-10
4897.7881936844615	3.166698206092108e-10
5011.872336272725	3.1607981273891814e-10
5128.613839913648	3.1531154418572597e-10
5248.074602497728	3.143129956245539e-10
5370.317963702527	3.131201569819441e-10
5495.408738576249	3.1167178829004855e-10
5623.413251903491	3.0995361797587854e-10
5754.399373371566	3.0796947081990875e-10
5888.43655355589	3.0572635373586385e-10
6025.595860743575	3.033628255312852e-10
6165.9500186148225	3.0079777271815486e-10
6309.57344480193	2.9800589200264317e-10
6456.542290346556	2.9497839312912733e-10
6606.934480075957	2.9167652564973827e-10
6760.829753919819	2.8810097038165095e-10
6918.309709189362	2.842347938971141e-10
7079.457843841381	2.80088941226754e-10
7244.359600749898	2.756874615371492e-10
7413.102413009177	2.710130613612889e-10
7585.775750291836	2.6607308427177287e-10
7762.4711662869195	2.609185114805855e-10
7943.282347242814	2.556478523368194e-10
8128.305161640995	2.503703329827431e-10
8317.63771102671	2.4500588922137976e-10
8511.380382023768	2.39547419866957e-10
8709.635899560806	2.3399579524971466e-10
8912.509381337459	2.2835675484648895e-10
9120.108393559096	2.2264044261671557e-10
9332.543007969914	2.1686311693519223e-10
9549.92586021436	2.110314967482613e-10
9772.372209558112	2.051935058289559e-10
10000.	1.994240212246659e-10
10232.929922807536	1.938187153648196e-10
10471.285480508985	1.8829299902345565e-10
10715.193052376047	1.8280640350895618e-10
10964.78196143185	1.7736268119876665e-10
11220.18454301963	1.719773138885984e-10
11481.53621496884	1.6664831309169694e-10
11748.975549395303	1.6142225685879042e-10
12022.644346174131	1.5636068887362404e-10
12302.68770812381	1.5145912133412913e-10
12589.254117941662	1.4668195173632436e-10
12882.495516931323	1.4200639518299846e-10
13182.567385564074	1.3743867285827694e-10
13489.628825916532	1.329734014039222e-10
13803.842646028867	1.2861050175794167e-10
14125.375446227554	1.2435355987329558e-10
14454.39770745928	1.2020608318248725e-10
14791.083881682072	1.1616669520096402e-10
15135.612484362071	1.1222929480259166e-10
15488.166189124795	1.0840138808107902e-10
15848.93192461114	1.0470293426654385e-10
16218.100973589299	1.0117342049034268e-10
16595.86907437563	9.777267725840416e-11
16982.43652461746	9.448048553888763e-11
17378.00828749376	9.128610342625179e-11
17782.794100389227	8.819063805392604e-11
18197.008586099826	8.518778635299358e-11
18620.871366628657	8.227733066863442e-11
19054.607179632443	7.945760604539374e-11
19498.445997580457	7.672691726124116e-11
19952.62314968879	7.408367224175933e-11
20417.379446695315	7.152318341908474e-11
20892.96130854041	6.904344982754286e-11
21379.620895022323	6.664234753364934e-11
21877.616239495517	6.43176301334258e-11
22387.21138568338	6.206714124363478e-11
22908.6765276777	5.988881089991402e-11
23442.288153199228	5.778065200175097e-11
23988.329190194898	5.574075681093923e-11
24547.089156850336	5.3767293511990336e-11
25118.864315095823	5.1858502845414527e-11
25703.957827688646	5.001269482691131e-11
26302.679918953814	4.822824556787772e-11
26915.348039269138	4.650359421502779e-11
27542.28703338163	4.4837240029322306e-11
28183.82931264455	4.3227739627190806e-11
28840.31503126606	4.167370440938451e-11
29512.0922666639	4.017379820583759e-11
30199.51720402019	3.87339525902131e-11
30902.95432513592	3.736691029281286e-11
31622.776601683792	3.605577511264299e-11
32359.36569296281	3.479981494072495e-11
33113.112148259075	3.359837584128834e-11
33884.4156139202	3.245089438834031e-11
34673.685045253165	3.135691362935658e-11
35481.33892335753	3.0316103611832616e-11
36307.80547701017	2.9328287740496877e-11
37153.52290971728	2.83934767062038e-11
38018.93963205613	2.7511912412220847e-11
38904.51449942805	2.668412532677653e-11
39810.71705534969	2.591101018626518e-11
40738.02778041122	2.5083606690836913e-11
41686.93834703355	2.4258627063467036e-11
42657.95188015926	2.346087600593451e-11
43651.58322401666	2.2689448352018235e-11
44668.359215096345	2.194347028352228e-11
45708.818961487515	2.1222098310562168e-11
46773.51412871981	2.0524518287880322e-11
47863.0092322638	1.984994446589287e-11
48977.88193684456	1.919761857540428e-11
50118.72336272725	1.856680894509354e-11
51286.13839913648	1.7956809650424247e-11
52480.746024977336	1.7366939693486836e-11
53703.17963702533	1.6796542212450933e-11
54954.08738576248	1.62449837201561e-11
56234.13251903491	1.571165337080259e-11
57543.993733715666	1.5195962254281387e-11
58884.36553555884	1.469734271738887e-11
60255.958607435685	1.4215414065986667e-11
61659.50018614822	1.3750188877256281e-11
63095.7344480193	1.3300388898539435e-11
64565.422903465624	1.2865499876755066e-11
66069.34480075965	1.2445025296107495e-11
67608.29753919819	1.203848579816909e-11
69183.09709189362	1.1645418622502988e-11
70794.57843841374	1.1265377067277012e-11
72443.59600749891	1.0897929969404919e-11
74131.02413009177	1.05426612033287e-11
75857.75750291836	1.0199169198262676e-11
77624.71166286927	9.867066473079548e-12
79432.82347242821	9.545979188616078e-12
81283.05161640995	9.235681459668514e-12
83176.37711026709	8.935738066808451e-12
85113.80382023759	8.645741926820764e-12
87096.35899560797	8.365359335900652e-12
89125.0938133746	8.094267989148143e-12
91201.08393559097	7.83215660253482e-12
93325.43007969925	7.578724548107685e-12
95499.25860214369	7.33368150198902e-12
97723.72209558112	7.096747104867676e-12
100000.	6.867650634449224e-12